6.064204591238215869e+00
5.263247879862824607e-01
4.223836106510591826e+00
7.576394095647264848e+00
6.240198354807790615e+00
1.505097799009790460e+00
-3.999504669268118207e+00
-6.554535258992322255e-01
-1.431826544326411543e+00
-2.829118505825763741e+00
-5.767308617878508237e-01
1.775645095255636186e+00
1.693600484741981660e+00
6.878046405776323979e+00
-2.563156283836872884e+00
1.381311616500755513e-01
-2.821255780401281665e-01
1.104598325238758250e+01
2.972516989716969871e+00
6.770314473540489653e-01
5.651205607741247583e+00
-8.740128126194004476e-01
5.885306782649167623e+00
-8.026406278618292145e-01
-1.357260669235731410e+00
-1.413501575367267060e+00
-2.362087019185534320e+00
-7.329392495896701609e-01
-2.855147070345931404e+00
-7.119159464553272976e-01
1.137669918982982153e+01
-3.523814087197502776e+00
-4.899779670173797008e+00
8.096515699927655518e+00
6.245154330555422462e+00
4.188132241171583559e+00
9.265735943928301577e-01
2.822448938161137733e+00
7.366435147191976451e-01
-5.288198371067111658e+00
1.656385899862525601e+00
4.310480648755984134e+00
-2.956537636366377564e-01
-6.383594750468483126e-01
5.029198860306927088e-01
7.229723008226037528e+00
6.515551526963488271e+00
7.214502497016330729e-01
2.582837843155008528e+00
1.230688999655067617e+00
4.860364193876342220e+00
2.090499949702375737e-01
-1.995684564901774039e-01
-1.824773001629989011e-01
2.688481021881525379e+00
-3.124008723240610852e+00
2.559137130766893087e+00
1.458755688742481738e+00
2.742018888914018682e+00
-6.444835263443629003e-01
9.312539741369469937e-01
1.055889078749463472e-01
-3.556703234097371435e-01
-5.164388438822034022e-01
-2.529201620428791930e+00
2.541750947997611032e+00
2.097348881478517058e+00
6.325424365836923579e-01
1.679358314010919173e+00
6.568448140798397894e+00
9.400089723654193818e+00
-1.658727599838033973e+00
-4.368072235952794813e+00
4.959423850685841906e+00
-4.552589707348273507e-01
-4.370141177823089862e+00
3.132970698101797513e+00
1.136582093118544634e+00
1.840818411799280407e-01
-1.753812535041073595e+00
6.851640800739223991e+00
1.231676808611104068e+00
-1.713971450651130546e+00
6.230372091613802787e-01
7.617753330100921261e+00
6.754005611644865681e+00
2.102917195876820022e-01
2.223352407969906075e+00
5.945757208916943037e-01
-4.336465416853663157e-01
-2.380766977229198389e+00
1.722248170120922683e+00
-4.122430514617083652e-01
-3.467890496965368108e+00
-2.341765140879469520e+00
6.482507188127928366e+00
-2.263038498023280276e+00
-3.053623219852237725e+00
-2.727374404223795956e+00
-5.721624226905085431e-01
