-1.105692831038988855e+00
5.309454962114614762e-01
-8.596422462429588185e-01
4.412676248958333769e-01
-7.008157753020549663e-03
2.120551634200678048e+00
-2.594656536406525049e+00
-5.282295251528266178e-01
6.094749006784168088e-01
-2.850804711864591834e-01
-3.441935650150340642e-01
-4.740301762267248087e+00
1.739086593993964591e+00
-4.912326977324134036e-01
-1.695547984415106679e+00
-1.499873446315706627e+00
-1.615300805942939233e+00
2.992334506248100823e+00
1.456709292731486638e+00
6.608810638139243077e-01
-2.068441875434666954e+00
-8.751221651592773210e-01
-8.485942088215316925e-01
-8.412841666654313766e-01
-1.356346610395634311e+00
-2.780315920923406736e+00
-3.913065023918476659e-01
-7.769931900986953854e-01
-1.027878648025826180e+00
-1.419320401665735698e+00
3.172987044267991052e+00
-2.198799597984922638e+00
-3.779435189436120446e+00
-1.354786659847787567e-01
-1.474841311454797577e+00
4.912309395973881720e-01
-8.650809988697611974e-01
1.585625766450053931e-01
1.126604765136790531e+00
-3.988414864782435565e+00
3.232603727526625281e+00
-3.587047427155754420e+00
-5.813595177630720423e-01
-7.558881125961897096e-01
-3.199784880127025666e+00
5.301350209536267455e-01
-6.926755221787713745e-01
-6.999290128944353206e-01
-3.513709066340839016e+00
2.529149176776216201e+00
9.871647479531613367e-01
-3.692262304002798867e+00
-3.493247711023067303e+00
-4.623186849159415246e-01
-3.099797081721238357e+00
-6.253818000210728201e+00
1.652766573704346875e+00
-2.271355477431936443e+00
2.793565121171727839e+00
-6.255660871633654807e-01
8.680492284592382646e-01
1.242377011640444895e+00
7.010215424781751636e-01
-4.030966657643153539e+00
-2.911566363749490183e+00
-2.905063877369481684e+00
-6.043229024042193753e-01
-2.804157603344286098e+00
1.728244023673069840e+00
-7.687200065602125543e-01
2.735960806425910441e+00
-2.735442244098424069e+00
-4.970664527562339785e+00
3.548932982755406140e-01
-8.245291140113870654e-01
-2.065648427494036543e+00
-9.794468774173155090e-01
-1.720292909409055326e+00
1.822162852786372578e-01
-2.196796781095767592e+00
6.395978629350342892e+00
-1.867796613283819074e+00
2.305126441305096918e+00
-4.021837904500751293e+00
6.359231382749979122e-01
4.943322091420434550e-01
-2.159261669046454113e+00
-1.067385022300567865e+00
6.171303792889087925e-01
-4.550793762143362287e+00
-3.126219067416164066e+00
-1.654771862040582686e+00
1.817769865210676183e+00
4.774500921549915677e-01
-4.351380483309564617e+00
1.282259778545314921e-01
1.314486806884335834e+00
9.558733385455635556e-01
-6.210042140915313702e+00
-5.385407836012415794e-01
