-7.066540145631721170e-01
-1.029583092435535585e+00
-6.171407986705165216e-01
-7.071836158131069583e-01
-7.189603558561024066e-01
-7.898613284594492301e-01
-8.888392006951990609e-01
-5.623241139988524040e-01
-8.140219444813130423e-01
-8.398735208564925836e-01
-5.608571066941802075e-01
-6.333006007568316997e-01
-9.440182930408648199e-01
-6.455572295032248054e-01
-9.047536058030543060e-01
-4.315485710943696707e-01
-3.774944570464026095e-01
-6.607884905617318338e-01
-3.833328302809939081e-01
-9.872791868553645322e-01
-6.521187040291581694e-01
-9.985868777953335051e-01
-7.128536670170557699e-01
-9.739819039172676884e-01
-9.498615222852440088e-01
-5.800630691793559057e-01
-8.720155495241642685e-01
-9.657802736058884729e-01
-8.765088619319342245e-01
-7.745118005599018751e-01
-6.816173558914385699e-01
-8.911272093163398189e-01
-5.456797038932545973e-01
-6.695825045029956124e-01
-6.521260829853926522e-01
-7.453220372441345942e-01
-4.250105046272580900e-01
-5.932467091337272347e-01
-9.221898536794278511e-01
-4.981575270468645011e-01
-2.904160244297116500e-01
-6.562434155784543366e-01
-3.495029496424109094e-01
-7.809792485215012459e-01
-6.033739994931789363e-01
-7.133075539043133295e-01
-7.060615303663958509e-01
-4.384596418147834740e-01
-6.282117133705956702e-01
-2.989279962809174851e-01
6.910639261166304781e-01
3.271497512915820249e-01
5.509946413190786041e-01
9.325447719035451222e-01
5.824415964002612744e-01
2.839218631421940864e-01
4.571520757104157728e-01
3.153761919553517701e-01
1.045158458994252415e+00
1.026831996784524303e+00
8.927034515169121054e-01
7.364309831068055479e-01
8.649058901056991822e-01
3.957650391850401350e-01
4.932557950578088102e-01
6.752026642990368588e-01
5.433416213841726350e-01
2.984721851307525209e-01
1.036733338218805089e+00
6.100669989919417224e-01
6.594003460110827719e-01
5.172887875585753248e-01
4.670489927883704206e-01
5.671757846901004374e-01
9.177133084621694747e-01
8.426883068261014076e-01
5.611283214665395702e-01
2.727511526469586500e-01
8.904563894881674102e-01
4.746436781070871858e-01
7.213643497166146723e-01
2.826213667066330149e-01
7.839840901738065471e-01
5.676746978752091888e-01
6.539456165034287505e-01
5.892383469325662704e-01
5.388116222750418682e-01
6.963951004429801417e-01
1.028667168276424571e+00
3.513112694999812602e-01
5.091910911383994431e-01
2.954156964795567331e-01
8.439898099139589993e-01
7.802910052814970854e-01
4.315256502899634805e-01
5.906933341538280757e-01
7.695255231417036379e-01
7.834165447884100519e-01
3.967507426184694319e-01
9.568011356519819932e-01
