-1.344107055017920993e-01
-9.955549131614281899e-01
1.042912035452892017e-01
-1.358229755016185647e-01
-1.672276156162730565e-01
-3.562968758918643730e-01
-6.202378685205307551e-01
2.504690293363937559e-01
-4.207251852835014461e-01
-4.896627222839801119e-01
2.543810488155193172e-01
6.119839798178203921e-02
-7.673821147756395566e-01
2.851405465806748987e-02
-6.626762821414778903e-01
5.992038104150142486e-01
7.433481145429264858e-01
-1.210264149795160608e-02
7.277791192506828377e-01
-8.827444982809719010e-01
1.101678925557831971e-02
-9.128983407875560507e-01
-1.509431120454821917e-01
-8.472850771127136138e-01
-7.829640594273173937e-01
2.031651488550511586e-01
-5.753747987311046419e-01
-8.254140629490358538e-01
-5.873569651518246726e-01
-3.153648014930715560e-01
-6.764628237716950598e-02
-6.263392248435728504e-01
2.948541229513211293e-01
-3.555334534132154056e-02
1.099711203895318255e-02
-2.375254326510254643e-01
6.166386543273119081e-01
1.680087756433939483e-01
-7.091729431451408994e-01
4.215799278750281265e-01
9.755572681874359331e-01
1.755845745515793865e-05
8.179921342869043155e-01
-3.326113293906697299e-01
1.410026680181894754e-01
-1.521534770781688972e-01
-1.328307476437221024e-01
5.807742884939106620e-01
7.476876434507827296e-02
9.528586765842199657e-01
9.283713631101449260e-02
-8.776006632224480075e-01
-2.806809564824571668e-01
7.367860584094535481e-01
-1.968224095993033051e-01
-9.928750316208159177e-01
-5.309277981055580131e-01
-9.089968214523952428e-01
1.037089223984673181e+00
9.882186580920644392e-01
6.305425373784323551e-01
2.138159549514815350e-01
5.564157069485312634e-01
-6.946265621732263806e-01
-4.346512131791764877e-01
5.054043813076486424e-02
-3.010890096422063067e-01
-9.540741729846599073e-01
1.014622235250146831e+00
-1.231546693548218885e-01
8.400922696220503028e-03
-3.705632331771324672e-01
-5.045360192310122116e-01
-2.375312408263989539e-01
6.972354892324518216e-01
4.971688182029371239e-01
-2.536578094225613311e-01
-1.022663592941443822e+00
6.245503719684465382e-01
-4.842835250477675046e-01
1.736382659109725612e-01
-9.963430221156452937e-01
3.406242404634841625e-01
-2.362008056661089039e-01
-6.145022657523480092e-03
-1.786977415131568436e-01
-3.131690072665549995e-01
1.070536011812804472e-01
9.931124487371322251e-01
-8.131699480000499358e-01
-3.921570902976014850e-01
-9.622248093878489339e-01
5.006394931038907758e-01
3.307760140839923202e-01
-5.992649325600973853e-01
-1.748177755897920849e-01
3.020680617112095345e-01
3.391107861024268422e-01
-6.919980196840815889e-01
8.014696950719519819e-01
